ResNet50 1FC(512) 1Dropout(0.5) 2FC(256,3)

history : 
{'loss': [15.10848617553711,
  1.8699254989624023,
  2.4401726722717285,
  1.647508978843689,
  1.6093240976333618,
  1.4076191186904907,
  1.3172286748886108,
  1.1392391920089722,
  1.3045610189437866,
  1.1406952142715454],
 'accuracy': [0.5084925889968872,
  0.5690021514892578,
  0.483014851808548,
  0.46921443939208984,
  0.4166666567325592,
  0.40764331817626953,
  0.43471336364746094,
  0.4591295123100281,
  0.4824840724468231,
  0.5132696628570557],
 'val_loss': [1.3689311742782593,
  0.944050133228302,
  1.0349904298782349,
  1.0430482625961304,
  1.103318691253662,
  0.9924825429916382,
  0.9560626745223999,
  0.9362319707870483,
  0.8558122515678406,
  0.7879977226257324],
 'val_accuracy': [0.5582137107849121,
  0.5135565996170044,
  0.47208932042121887,
  0.41786283254623413,
  0.46730461716651917,
  0.45773524045944214,
  0.4864433705806732,
  0.5837320685386658,
  0.5964912176132202,
  0.6267942786216736]}
​